Freq	Chan A	Chan B
1000,00000000 	 24,58133125 	 -105,08322906
1050,00000000 	 23,60428810 	 -104,57305145
1100,00000000 	 22,69145966 	 -104,10170746
1150,00000000 	 21,84513855 	 -103,67066193
1200,00000000 	 21,05349159 	 -103,27085876
1250,00000000 	 20,31368828 	 -102,90342712
1300,00000000 	 19,62114716 	 -102,56388855
1350,00000000 	 18,97195053 	 -102,24765015
1400,00000000 	 18,36108589 	 -101,95260620
1450,00000000 	 17,78730011 	 -101,68103027
1500,00000000 	 17,24480247 	 -101,42910004
1550,00000000 	 16,73443794 	 -101,19461823
1600,00000000 	 16,25301170 	 -100,97544861
1650,00000000 	 15,79565334 	 -100,77190399
1700,00000000 	 15,36384678 	 -100,58480835
1750,00000000 	 14,95451736 	 -100,40944672
1800,00000000 	 14,56463623 	 -100,24485016
1850,00000000 	 14,19488239 	 -100,09268951
1900,00000000 	 13,84272671 	 -99,94750214
1950,00000000 	 13,50789261 	 -99,81632233
2000,00000000 	 13,18779945 	 -99,69258881
2050,00000000 	 12,88466835 	 -99,57699585
2100,00000000 	 12,59307003 	 -99,46854401
2150,00000000 	 12,31413651 	 -99,36786652
2200,00000000 	 12,04789543 	 -99,26983643
2250,00000000 	 11,79180622 	 -99,17968750
2300,00000000 	 11,54666233 	 -99,09564972
2350,00000000 	 11,31130505 	 -99,01794434
2400,00000000 	 11,08506870 	 -98,94385529
2450,00000000 	 10,86767292 	 -98,87554932
2500,00000000 	 10,65867424 	 -98,81385803
2550,00000000 	 10,45675850 	 -98,75430298
2650,00000000 	 10,07609081 	 -98,64900208
2700,00000000 	 9,89557552 	 -98,60190582
2750,00000000 	 9,72210121 	 -98,55738068
2800,00000000 	 9,55369949 	 -98,51444244
2900,00000000 	 9,23401737 	 -98,44696045
2950,00000000 	 9,08261490 	 -98,41429901
3000,00000000 	 8,93446159 	 -98,38617706
3100,00000000 	 8,65475273 	 -98,33983612
3150,00000000 	 8,52105808 	 -98,31957245
3250,00000000 	 8,26622868 	 -98,28600311
3300,00000000 	 8,14408493 	 -98,27235413
3400,00000000 	 7,91062117 	 -98,25168610
3450,00000000 	 7,79903078 	 -98,24652863
3550,00000000 	 7,58541250 	 -98,23337555
3650,00000000 	 7,38308287 	 -98,23241425
3700,00000000 	 7,28531456 	 -98,22892761
3800,00000000 	 7,09839392 	 -98,23841858
3900,00000000 	 6,92105770 	 -98,24773407
4000,00000000 	 6,75243521 	 -98,25922394
4050,00000000 	 6,67009926 	 -98,27003479
4150,00000000 	 6,51304197 	 -98,29375458
4250,00000000 	 6,36171722 	 -98,32152557
4350,00000000 	 6,21824646 	 -98,34417725
4450,00000000 	 6,07956696 	 -98,37552643
4550,00000000 	 5,94686031 	 -98,41352844
4700,00000000 	 5,75899410 	 -98,47429657
4800,00000000 	 5,63976097 	 -98,51611328
4900,00000000 	 5,52543211 	 -98,56032562
5000,00000000 	 5,41616631 	 -98,60788727
5150,00000000 	 5,26048613 	 -98,68859863
5250,00000000 	 5,16151524 	 -98,73877716
5350,00000000 	 5,06613207 	 -98,79426575
5500,00000000 	 4,93052053 	 -98,88953400
5600,00000000 	 4,84353638 	 -98,94453430
5750,00000000 	 4,71922255 	 -99,04050446
5900,00000000 	 4,60088110 	 -99,14153290
6050,00000000 	 4,48874474 	 -99,24737549
6150,00000000 	 4,41654921 	 -99,31652832
6300,00000000 	 4,31275988 	 -99,42013550
6450,00000000 	 4,21316576 	 -99,53419495
6600,00000000 	 4,11815596 	 -99,64457703
6750,00000000 	 4,02747202 	 -99,76045990
6900,00000000 	 3,94020128 	 -99,88286591
7100,00000000 	 3,83008814 	 -100,04998779
7250,00000000 	 3,75133729 	 -100,17840576
7400,00000000 	 3,67627382 	 -100,30942535
7600,00000000 	 3,58151865 	 -100,47840881
7750,00000000 	 3,51350236 	 -100,60885620
7950,00000000 	 3,42746401 	 -100,78752136
8150,00000000 	 3,34560370 	 -100,96871185
8300,00000000 	 3,28709316 	 -101,09700012
8500,00000000 	 3,21205616 	 -101,27501678
8700,00000000 	 3,14010787 	 -101,45612335
8900,00000000 	 3,07122326 	 -101,62864685
9100,00000000 	 3,00511765 	 -101,81729126
9350,00000000 	 2,92668104 	 -102,05154419
9550,00000000 	 2,86678386 	 -102,24790192
9750,00000000 	 2,80985355 	 -102,44020081
10000,00000000 	 2,74407196 	 -102,67652130
11000,00000000 	 2,50139332 	 -103,63732910
12000,00000000 	 2,30672073 	 -104,54540253
13000,00000000 	 2,13902855 	 -105,49966431
14000,00000000 	 1,99555695 	 -106,51435089
15000,00000000 	 1,87174773 	 -107,52280426
16000,00000000 	 1,76629293 	 -108,50820923
17000,00000000 	 1,66880226 	 -109,54982758
18000,00000000 	 1,58645880 	 -110,57870483
19000,00000000 	 1,51286113 	 -111,54672241
20000,00000000 	 1,44298494 	 -112,53637695
21000,00000000 	 1,38704860 	 -113,47266388
22000,00000000 	 1,33194053 	 -114,47434235
23000,00000000 	 1,28274071 	 -115,44838715
24000,00000000 	 1,23786604 	 -116,36776733
25000,00000000 	 1,19428301 	 -117,37134552
26000,00000000 	 1,16082931 	 -118,21656799
27000,00000000 	 1,12554491 	 -119,13735199
28000,00000000 	 1,09225428 	 -120,05192566
29000,00000000 	 1,06261873 	 -120,96713257
30000,00000000 	 1,03565383 	 -121,84244537
31000,00000000 	 1,01209962 	 -122,67588043
32000,00000000 	 0,99111718 	 -123,39809418
33000,00000000 	 0,96885490 	 -124,28750610
34000,00000000 	 0,95137900 	 -125,02468872
35000,00000000 	 0,93131077 	 -125,82577515
36000,00000000 	 0,91482258 	 -126,55534363
37000,00000000 	 0,89949620 	 -127,30268097
38000,00000000 	 0,88166457 	 -128,16012573
39000,00000000 	 0,87058288 	 -128,70579529
40000,00000000 	 0,85631418 	 -129,49105835
41000,00000000 	 0,84401739 	 -130,18278503
42000,00000000 	 0,83095801 	 -130,85511780
43000,00000000 	 0,82056427 	 -131,56195068
44000,00000000 	 0,81033528 	 -132,20486450
45000,00000000 	 0,80069757 	 -132,90946960
46000,00000000 	 0,79120809 	 -133,50636292
47000,00000000 	 0,78261948 	 -134,04173279
48000,00000000 	 0,77493745 	 -134,60522461
49000,00000000 	 0,76764584 	 -135,16484070
50000,00000000 	 0,75824016 	 -135,87126160
51000,00000000 	 0,75301820 	 -136,31297302
52000,00000000 	 0,74590927 	 -136,84944153
54000,00000000 	 0,73514372 	 -137,88143921
55000,00000000 	 0,72804397 	 -138,46722412
56000,00000000 	 0,72313350 	 -138,98069763
58000,00000000 	 0,71241379 	 -139,90336609
59000,00000000 	 0,70738029 	 -140,38322449
60000,00000000 	 0,70388722 	 -140,72441101
62000,00000000 	 0,69877386 	 -141,30520630
63000,00000000 	 0,69154680 	 -142,03681946
65000,00000000 	 0,68311399 	 -142,93457031
66000,00000000 	 0,68161017 	 -143,30905151
68000,00000000 	 0,67465168 	 -144,05368042
69000,00000000 	 0,67230868 	 -144,31481934
71000,00000000 	 0,66564751 	 -145,11895752
72000,00000000 	 0,66244799 	 -145,38774109
74000,00000000 	 0,65771455 	 -146,00270081
76000,00000000 	 0,65380412 	 -146,65493774
78000,00000000 	 0,65056652 	 -147,05244446
79000,00000000 	 0,64856613 	 -147,39582825
81000,00000000 	 0,64440012 	 -147,99653625
83000,00000000 	 0,64021587 	 -148,56924438
85000,00000000 	 0,63769674 	 -149,00765991
87000,00000000 	 0,63446516 	 -149,47671509
89000,00000000 	 0,63161200 	 -149,85923767
91000,00000000 	 0,62971538 	 -150,25968933
93000,00000000 	 0,62737596 	 -150,60214233
96000,00000000 	 0,62478054 	 -151,22665405
98000,00000000 	 0,62018490 	 -151,73193359
100000,00000000 	 0,62013811 	 -151,92634583
102000,00000000 	 0,61776781 	 -152,36161804
105000,00000000 	 0,61441970 	 -152,85897827
107000,00000000 	 0,61450154 	 -152,95379639
110000,00000000 	 0,61202949 	 -153,47193909
112000,00000000 	 0,61111856 	 -153,65063477
115000,00000000 	 0,60908914 	 -154,14080811
117000,00000000 	 0,60823995 	 -154,20683289
120000,00000000 	 0,60514992 	 -154,58253479
123000,00000000 	 0,60419011 	 -154,88264465
126000,00000000 	 0,60454869 	 -155,04106140
129000,00000000 	 0,60243654 	 -155,36280823
132000,00000000 	 0,60108209 	 -155,69523621
135000,00000000 	 0,60086405 	 -155,66954041
138000,00000000 	 0,60003525 	 -155,78799438
141000,00000000 	 0,59832132 	 -156,18560791
145000,00000000 	 0,59870946 	 -156,20616150
148000,00000000 	 0,59790587 	 -156,33926392
151000,00000000 	 0,59701258 	 -156,62786865
155000,00000000 	 0,59668261 	 -156,62002563
158000,00000000 	 0,59576702 	 -156,79910278
162000,00000000 	 0,59549069 	 -156,73959351
166000,00000000 	 0,59535062 	 -156,93048096
170000,00000000 	 0,59545410 	 -156,87530518
174000,00000000 	 0,59546238 	 -156,87799072
178000,00000000 	 0,59501362 	 -156,95640564
182000,00000000 	 0,59481412 	 -157,11755371
186000,00000000 	 0,59425151 	 -157,11776733
191000,00000000 	 0,59558195 	 -156,85977173
195000,00000000 	 0,59585094 	 -156,95458984
200000,00000000 	 0,59537572 	 -156,81869507
204000,00000000 	 0,59875953 	 -156,56445312
209000,00000000 	 0,59663123 	 -156,86117554
214000,00000000 	 0,59756213 	 -156,58372498
219000,00000000 	 0,59781468 	 -156,39208984
224000,00000000 	 0,59832102 	 -156,27868652
229000,00000000 	 0,59929132 	 -156,00041199
234000,00000000 	 0,60022241 	 -155,98529053
240000,00000000 	 0,60170984 	 -155,71101379
245000,00000000 	 0,60244453 	 -155,44223022
251000,00000000 	 0,60294008 	 -155,18969727
257000,00000000 	 0,60419643 	 -154,98492432
263000,00000000 	 0,60643595 	 -154,64646912
269000,00000000 	 0,60728371 	 -154,32489014
275000,00000000 	 0,60866255 	 -154,01159668
282000,00000000 	 0,61211812 	 -153,61721802
288000,00000000 	 0,61322206 	 -153,36758423
295000,00000000 	 0,61486536 	 -153,08354187
302000,00000000 	 0,61688781 	 -152,67649841
309000,00000000 	 0,61908221 	 -152,17807007
316000,00000000 	 0,62196070 	 -151,65876770
324000,00000000 	 0,62523645 	 -151,18997192
331000,00000000 	 0,62700027 	 -150,78533936
339000,00000000 	 0,63084781 	 -150,03579712
347000,00000000 	 0,63389975 	 -149,59568787
355000,00000000 	 0,63691723 	 -149,13859558
363000,00000000 	 0,64118183 	 -148,38020325
372000,00000000 	 0,64690697 	 -147,75765991
380000,00000000 	 0,64872819 	 -147,33189392
389000,00000000 	 0,65361720 	 -146,74783325
398000,00000000 	 0,65869588 	 -146,06619263
407000,00000000 	 0,66290063 	 -145,35873413
417000,00000000 	 0,66862535 	 -144,71185303
427000,00000000 	 0,67455125 	 -143,90615845
437000,00000000 	 0,68130296 	 -143,35710144
447000,00000000 	 0,68780291 	 -142,58216858
457000,00000000 	 0,69472378 	 -141,76673889
468000,00000000 	 0,70228660 	 -141,08351135
479000,00000000 	 0,71049899 	 -140,28694153
490000,00000000 	 0,71717703 	 -139,55885315
501000,00000000 	 0,72642732 	 -138,66720581
513000,00000000 	 0,73486137 	 -137,93399048
525000,00000000 	 0,74600208 	 -137,06806946
537000,00000000 	 0,75517923 	 -136,29748535
550000,00000000 	 0,76721883 	 -135,37705994
562000,00000000 	 0,77826011 	 -134,70443726
575000,00000000 	 0,78933352 	 -133,84524536
589000,00000000 	 0,80357361 	 -133,01562500
603000,00000000 	 0,81699634 	 -132,09130859
617000,00000000 	 0,82947397 	 -131,30360413
631000,00000000 	 0,84454829 	 -130,48831177
646000,00000000 	 0,85943228 	 -129,68424988
661000,00000000 	 0,87419933 	 -128,91578674
676000,00000000 	 0,89174736 	 -128,10536194
692000,00000000 	 0,90876245 	 -127,24879456
708000,00000000 	 0,92461681 	 -126,48678589
724000,00000000 	 0,94335771 	 -125,66471100
741000,00000000 	 0,96340060 	 -124,90728760
759000,00000000 	 0,98550713 	 -124,01625061
776000,00000000 	 1,00394571 	 -123,36547852
794000,00000000 	 1,02586973 	 -122,59364319
813000,00000000 	 1,04360855 	 -122,05512238
832000,00000000 	 1,07284296 	 -121,15122986
851000,00000000 	 1,09681106 	 -120,39536285
871000,00000000 	 1,12220657 	 -119,69673157
891000,00000000 	 1,14824307 	 -118,95135498
912000,00000000 	 1,17482281 	 -118,28739166
933000,00000000 	 1,20334399 	 -117,66551208
955000,00000000 	 1,23243380 	 -116,95685577
977000,00000000 	 1,26426232 	 -116,27862549
1000000,00000000 	 1,32019544 	 -115,42819214
1023000,00000000 	 1,32536709 	 -115,11691284
1047000,00000000 	 1,35836995 	 -114,54502869
1072000,00000000 	 1,39249766 	 -114,00013733
1096000,00000000 	 1,42440629 	 -113,49271393
1122000,00000000 	 1,46243119 	 -112,89795685
1148000,00000000 	 1,49867260 	 -112,40316010
1175000,00000000 	 1,53549838 	 -111,85776520
1202000,00000000 	 1,57419741 	 -111,39174652
1230000,00000000 	 1,61176324 	 -110,92372131
1259000,00000000 	 1,65148807 	 -110,50495148
1288000,00000000 	 1,69332290 	 -110,06349182
1318000,00000000 	 1,73521101 	 -109,60952759
1349000,00000000 	 1,77918291 	 -109,19747925
1380000,00000000 	 1,82261038 	 -108,77890015
1413000,00000000 	 1,86541331 	 -108,40946198
1445000,00000000 	 1,91048300 	 -108,06945038
1479000,00000000 	 1,95885623 	 -107,70685577
1514000,00000000 	 2,00643849 	 -107,41840363
1549000,00000000 	 2,05450773 	 -107,06139374
1585000,00000000 	 2,10317206 	 -106,75456238
1622000,00000000 	 2,15266776 	 -106,47708893
1660000,00000000 	 2,20358896 	 -106,19452667
1698000,00000000 	 2,25338054 	 -105,91861725
1738000,00000000 	 2,30747652 	 -105,62995911
1778000,00000000 	 2,35941553 	 -105,38643646
1820000,00000000 	 2,41433835 	 -105,17041016
1862000,00000000 	 2,46923280 	 -104,92062378
1905000,00000000 	 2,52218461 	 -104,69132996
1950000,00000000 	 2,57935619 	 -104,47341919
1995000,00000000 	 2,63519645 	 -104,30656433
2042000,00000000 	 2,69382644 	 -104,10714722
2089000,00000000 	 2,75054097 	 -103,94800568
2138000,00000000 	 2,80665541 	 -103,78157043
2188000,00000000 	 2,86559176 	 -103,60933685
2239000,00000000 	 2,92438745 	 -103,47000122
2291000,00000000 	 2,98521709 	 -103,33119202
2344000,00000000 	 3,04427099 	 -103,19154358
2399000,00000000 	 3,10756826 	 -103,07107544
2455000,00000000 	 3,16919422 	 -102,94979095
2512000,00000000 	 3,23271251 	 -102,83384705
2570000,00000000 	 3,29371548 	 -102,73365021
2630000,00000000 	 3,35638523 	 -102,62900543
2692000,00000000 	 3,42238617 	 -102,54199982
2754000,00000000 	 3,48353720 	 -102,46461487
2818000,00000000 	 3,54697633 	 -102,41295624
2884000,00000000 	 3,61100459 	 -102,33727264
2951000,00000000 	 3,67300916 	 -102,29308319
3020000,00000000 	 3,73351216 	 -102,25354767
3090000,00000000 	 3,79520655 	 -102,21205139
3162000,00000000 	 3,85284638 	 -102,20341492
3236000,00000000 	 3,91090512 	 -102,17818451
3311000,00000000 	 3,96996760 	 -102,16662598
3388000,00000000 	 4,02584839 	 -102,18380737
3467000,00000000 	 4,08285236 	 -102,18972778
3548000,00000000 	 4,13766050 	 -102,20634460
3631000,00000000 	 4,19249201 	 -102,22961426
3715000,00000000 	 4,24167538 	 -102,26707458
3802000,00000000 	 4,29352856 	 -102,29830933
3890000,00000000 	 4,33988380 	 -102,35562897
3981000,00000000 	 4,38606930 	 -102,43574524
4074000,00000000 	 4,42780352 	 -102,49774170
4169000,00000000 	 4,47069597 	 -102,57097626
4266000,00000000 	 4,50800228 	 -102,65666199
4365000,00000000 	 4,54414988 	 -102,75431061
4467000,00000000 	 4,58052397 	 -102,87380219
4571000,00000000 	 4,61515284 	 -103,00534058
4677000,00000000 	 4,64764261 	 -103,11092377
4786000,00000000 	 4,67730093 	 -103,26560974
4898000,00000000 	 4,70327091 	 -103,42664337
5012000,00000000 	 4,72441673 	 -103,60771179
5129000,00000000 	 4,74412775 	 -103,79448700
5248000,00000000 	 4,75570965 	 -103,99806213
5370000,00000000 	 4,76372433 	 -104,24351501
5495000,00000000 	 4,76687765 	 -104,50035858
5623000,00000000 	 4,76608801 	 -104,76844788
5754000,00000000 	 4,75773239 	 -105,06217194
5888000,00000000 	 4,75021791 	 -105,36404419
6026000,00000000 	 4,73835278 	 -105,71762848
6166000,00000000 	 4,72218370 	 -106,07318115
6310000,00000000 	 4,70415020 	 -106,44981384
6457000,00000000 	 4,68246889 	 -106,87124634
6607000,00000000 	 4,65597868 	 -107,31172180
6761000,00000000 	 4,62507439 	 -107,82728577
6918000,00000000 	 4,58989859 	 -108,35829163
7079000,00000000 	 4,55302715 	 -108,94524384
7244000,00000000 	 4,50976229 	 -109,55850220
7413000,00000000 	 4,46567631 	 -110,23945618
7586000,00000000 	 4,41670418 	 -110,99587250
7762000,00000000 	 4,36090708 	 -111,77205658
7943000,00000000 	 4,30699015 	 -112,65339661
8128000,00000000 	 4,25050688 	 -113,56996155
8318000,00000000 	 4,19095469 	 -114,62268066
8511000,00000000 	 4,12866879 	 -115,76484680
8710000,00000000 	 4,06018543 	 -117,01860046
8913000,00000000 	 3,98538685 	 -118,43830109
9120000,00000000 	 3,90148163 	 -120,02525330
9333000,00000000 	 3,81585979 	 -121,83006287
9550000,00000000 	 3,73378634 	 -123,69293213
9772000,00000000 	 3,66281724 	 -125,69652557
10000000,00000000 	 3,01939249 	 -139,29966736
10233000,00000000 	 3,55654240 	 -129,85334778
10471000,00000000 	 3,52188468 	 -132,17289734
10715000,00000000 	 3,49046898 	 -134,56832886
10965000,00000000 	 3,47310138 	 -137,07369995
11220000,00000000 	 3,47175431 	 -139,61555481
11482000,00000000 	 3,48643017 	 -142,17683411
11749000,00000000 	 3,52262592 	 -144,94581604
12023000,00000000 	 3,57596612 	 -147,65560913
12303000,00000000 	 3,65918279 	 -150,26988220
12589000,00000000 	 3,76899529 	 -152,69885254
12882000,00000000 	 3,92249322 	 -154,82556152
13183000,00000000 	 4,14557076 	 -156,56222534
13490000,00000000 	 4,49842215 	 -158,08335876
13804000,00000000 	 5,00631952 	 -159,94271851
14125000,00000000 	 5,87605143 	 -162,75488281
14454000,00000000 	 7,48223448 	 -168,61578369
14791000,00000000 	 9,04652691 	 -175,48258972
15136000,00000000 	 9,52460289 	 -183,56211853
15488000,00000000 	 8,62560844 	 -190,98101807
15849000,00000000 	 7,63581896 	 -195,15036011
16218000,00000000 	 7,22239161 	 -196,48298645
16596000,00000000 	 7,21189308 	 -196,63562012
16982000,00000000 	 7,42176723 	 -196,27087402
17378000,00000000 	 7,72792387 	 -195,84542847
17783000,00000000 	 8,11171341 	 -195,46693420
18197000,00000000 	 8,52340031 	 -195,04441833
18621000,00000000 	 8,92551899 	 -194,76802063
19055000,00000000 	 9,33388042 	 -194,56358337
19498000,00000000 	 9,74636650 	 -194,29830933
19953000,00000000 	 10,16811848 	 -194,17556763
20417000,00000000 	 10,55704308 	 -194,12840271
20893000,00000000 	 10,95359516 	 -194,04660034
21380000,00000000 	 11,30192375 	 -194,19812012
21878000,00000000 	 11,57526970 	 -194,35864258
22387000,00000000 	 11,80417824 	 -194,50875854
22909000,00000000 	 12,00697708 	 -194,54376221
23442000,00000000 	 12,11828804 	 -194,61309814
23988000,00000000 	 12,15254402 	 -194,86766052
24547000,00000000 	 12,18766308 	 -195,04910278
25119000,00000000 	 12,23768997 	 -195,18185425
25704000,00000000 	 12,26647568 	 -195,33074951
26303000,00000000 	 12,28970051 	 -195,43080139
26915000,00000000 	 12,34014797 	 -195,54524231
27542000,00000000 	 12,35262680 	 -195,63275146
28184000,00000000 	 12,39878082 	 -195,71624756
28840000,00000000 	 12,37758064 	 -195,80526733
29512000,00000000 	 12,38690376 	 -195,71293640
30200000,00000000 	 12,35633278 	 -195,68156433
30903000,00000000 	 12,33999062 	 -195,59448242
31623000,00000000 	 12,33953857 	 -195,57136536
32359000,00000000 	 12,33143902 	 -195,59555054
33113000,00000000 	 12,32660866 	 -195,98231506
33884000,00000000 	 12,14152431 	 -196,51562500
34674000,00000000 	 11,99501705 	 -195,79054260
35481000,00000000 	 11,90932274 	 -195,97004700
36308000,00000000 	 11,72161102 	 -196,16323853
37154000,00000000 	 11,47872257 	 -196,22752380
38019000,00000000 	 11,10887241 	 -196,40650940
38905000,00000000 	 10,57258320 	 -196,85736084
39811000,00000000 	 9,84705448 	 -197,71865845
40738000,00000000 	 9,08641338 	 -198,72120667
41687000,00000000 	 8,24694061 	 -199,95718384
42658000,00000000 	 7,38806295 	 -201,33052063
43652000,00000000 	 6,48558044 	 -202,93663025
44668000,00000000 	 5,52740717 	 -204,51548767
45709000,00000000 	 4,48912096 	 -205,87664795
46774000,00000000 	 3,41586137 	 -203,67201233
47863000,00000000 	 2,84589195 	 -184,49606323
48978000,00000000 	 7,30939913 	 -174,74899292
50119000,00000000 	 9,35604191 	 -237,72956848
51286000,00000000 	 6,77825975 	 -260,42480469
52481000,00000000 	 5,98515797 	 -274,10232544
53703000,00000000 	 6,10525131 	 -286,76437378
54954000,00000000 	 7,02921677 	 -299,52246094
56234000,00000000 	 9,07973766 	 -312,89260864
57544000,00000000 	 12,69120502 	 -325,91519165
58884000,00000000 	 18,89098167 	 -342,27020264
60256000,00000000 	 26,82636261 	 -361,64202881
61660000,00000000 	 37,37760925 	 -382,77673340
63096000,00000000 	 50,04574966 	 -411,81390381
64565000,00000000 	 49,00255966 	 -440,09143066
65000000,00000000 	 47,89917374 	 -445,89593506
